# column 1   : residue number
# column 2   : cluster number, used for inclusion or exclusion of data
# column 3   : B0, field strength (MHz)
# column 4-5 : R1 relaxation rate and error (1/s)
# column 6-7 : R2 relaxation rate and error (1/s)
# column 8-9 : {1H}-X NOE and error
# column 10  : (only for distributed) tc distribution file name

  2 1 500.38  1.7749  0.0385  9.6516  0.2085  0.7610  0.0340
  2 1 600.13  1.4016  0.0569 10.4348  0.3506  0.7930  0.0300
  3 1 500.38  1.7223  0.0452 11.1583  0.3078  0.8040  0.0260
  3 1 600.13  1.3441  0.0546 11.2847  0.4884  0.8080  0.0460
  4 1 500.38  1.6806  0.0315 10.1949  0.3040  0.7860  0.0400
  4 1 600.13  1.3089  0.0277 10.6242  0.1523  0.8020  0.0240
  5 1 500.38  1.6744  0.0560 11.3080  0.2739  0.8030  0.0480
  5 1 600.13  1.3370  0.0511 11.8969  0.2935  0.8080  0.0340
  6 1 500.38  1.7855  0.0530 11.1487  0.3318  0.8270  0.0320
  6 1 600.13  1.3882  0.0276 11.6699  0.4264  0.8480  0.0600
  7 1 500.38  1.6265  0.0691 10.7276  0.4488  0.7760  0.0400
  7 1 600.13  1.2629  0.0436 11.1164  0.7537  0.8070  0.0880
  8 1 500.38  1.6935  0.0442 10.8300  0.3911  0.7730  0.0240
  8 1 600.13  1.3243  0.0559 12.1164  0.3416  0.7990  0.0220
  9 0 500.38  1.6324  0.0658 15.3615  0.6703  0.7930  0.0260
  9 0 600.13  1.2494  0.0476 16.6599  0.5612  0.7710  0.0660
 10 1 500.38  1.7236  0.0398 10.5304  0.5007  0.7900  0.0400
 10 1 600.13  1.3388  0.0534 10.7676  0.4242  0.7830  0.0420
 11 1 500.38  1.5871  0.0856 10.7627  0.4155  0.8040  0.0700
 11 1 600.13  1.2146  0.0245 10.0442  0.2884  0.7720  0.1080
 12 1 500.38  1.6734  0.0922 10.8596  0.3227  0.7880  0.0160
 12 1 600.13  1.3464  0.0534 11.8129  0.4986  0.7510  0.0380
 13 1 500.38  1.6110  0.0616 11.4742  0.2905  0.8040  0.0400
 13 1 600.13  1.3166  0.0385 11.8877  0.2879  0.8020  0.0500
 15 1 500.38  1.7371  0.0556  9.8655  0.3794  0.7290  0.0720
 15 1 600.13  1.4210  0.0739 10.6105  0.4065  0.7460  0.0440
 16 0 500.38  1.6978  0.0782  8.0336  0.2161  0.6280  0.0560
 16 0 600.13  1.4238  0.0570  8.5027  0.2817  0.6080  0.0400
 17 0 500.38  1.8067  0.0884  8.8716  0.2795  0.6050  0.0500
 17 0 600.13  1.4153  0.0507 10.1947  0.5196  0.6860  0.0460
 18 0 500.38  1.7538  0.0817  8.5147  0.3288  0.5470  0.0140
 18 0 600.13  1.4838  0.0802  9.5082  0.3364  0.6030  0.0320
 19 0 500.38  1.6808  0.0453  7.5547  0.1536  0.5730  0.0260
 19 0 600.13  1.3937  0.0328  7.6937  0.2459  0.6050  0.0260
 20 0 500.38  1.6396  0.0850  7.8189  0.3260  0.5680  0.0240
 20 0 600.13  1.4150  0.0090  8.5375  0.4047  0.5850  0.0460
 22 1 500.38  1.4145  0.0763  8.5152  0.2851  0.6770  0.0380
 22 1 600.13  1.1105  0.0392  9.0625  0.1692  0.6740  0.0340
 23 1 500.38  1.6265  0.0450 10.4275  0.4428  0.7810  0.0340
 23 1 600.13  1.3147  0.0679 11.9085  0.3183  0.7610  0.0840
 24 1 500.38  1.5631  0.0459 10.1569  0.2747  0.7690  0.0320
 24 1 600.13  1.2335  0.0119 10.4429  0.3130  0.7790  0.0540
 26 1 500.38  1.7466  0.0637 10.8970  0.4189  0.7920  0.0260
 26 1 600.13  1.3769  0.0718 11.8091  0.2597  0.8500  0.0340
 27 1 500.38  1.8113  0.0566 10.6912  0.3085  0.7900  0.0300
 27 1 600.13  1.3879  0.0334 11.3890  0.2800  0.7920  0.0680
 28 1 500.38  1.7626  0.0678 10.9742  0.2416  0.8000  0.0360
 28 1 600.13  1.3160  0.0388 11.6464  0.5308  0.8380  0.0540
 29 1 500.38  1.7059  0.0262 10.8902  0.2473  0.7250  0.0200
 29 1 600.13  1.3040  0.0276 11.8254  0.2527  0.7620  0.0120
 30 1 500.38  1.8141  0.0872 11.0834  0.3199  0.8160  0.0300
 30 1 600.13  1.3711  0.0748 12.1730  0.3028  0.8060  0.0480
 31 1 500.38  1.7859  0.0732 11.6301  0.3839  0.8270  0.0400
 31 1 600.13  1.4309  0.0534 12.5837  0.4300  0.8210  0.0760
 32 1 500.38  1.7807  0.0730 11.4706  0.2441  0.8030  0.0280
 32 1 600.13  1.3920  0.0423 11.8493  0.2259  0.8390  0.0640
 33 1 500.38  1.7412  0.0473 11.0533  0.1183  0.7840  0.0380
 33 1 600.13  1.3593  0.0469 11.0067  0.1693  0.7700  0.0360
 34 1 500.38  1.7479  0.0468 10.0913  0.2650  0.8190  0.0220
 34 1 600.13  1.3221  0.0176 10.9500  0.1674  0.8510  0.0200
 35 1 500.38  1.7094  0.0832 10.1509  0.3317  0.7760  0.0260
 35 1 600.13  1.3133  0.0571 10.7980  0.5220  0.7770  0.0660
 36 1 500.38  1.6821  0.0364 11.4417  0.3216  0.7570  0.0440
 36 1 600.13  1.3174  0.0322 12.4542  0.4093  0.7730  0.0400
 37 1 500.38  1.7114  0.0591 10.2520  0.2985  0.7380  0.0400
 37 1 600.13  1.2849  0.0387 10.4768  0.1980  0.7760  0.0460
 38 1 500.38  1.6313  0.0506  9.7479  0.1380  0.7680  0.0220
 38 1 600.13  1.2570  0.0220 10.7749  0.2032  0.7440  0.0280
 40 1 500.38  1.6716  0.0416 10.9873  0.4682  0.8110  0.0320
 40 1 600.13  1.3050  0.0544 11.6168  0.7232  0.7930  0.0600
 41 1 500.38  1.6338  0.0226 10.3557  0.1563  0.7900  0.0240
 41 1 600.13  1.2558  0.0255 10.9174  0.2346  0.7820  0.0580
 43 1 500.38  1.6502  0.0645 10.4010  0.2801  0.8180  0.0400
 43 1 600.13  1.3015  0.0545 11.9541  0.4592  0.7260  0.0300
 44 1 500.38  1.7199  0.0382 10.3187  0.2490  0.7860  0.0480
 44 1 600.13  1.3906  0.0403 11.2044  0.4882  0.8140  0.0480
 46 1 500.38  1.7187  0.0472 10.7095  0.2573  0.7300  0.0420
 46 1 600.13  1.3689  0.0544 11.8002  0.4722  0.8110  0.0540
 47 1 500.38  1.8140  0.0487 11.0086  0.2210  0.7700  0.0080
 47 1 600.13  1.3993  0.0315 11.3336  0.4578  0.8660  0.0440
 48 1 500.38  1.8257  0.0628 10.6429  0.2945  0.8060  0.0240
 48 1 600.13  1.3822  0.0360 11.1696  0.4974  0.8620  0.0640
 49 1 500.38  1.6989  0.0387  9.7628  0.2992  0.8170  0.0320
 49 1 600.13  1.3006  0.0329 10.4773  0.1636  0.7490  0.0260
 50 1 500.38  1.6767  0.0539  9.8321  0.2124  0.7780  0.0300
 50 1 600.13  1.2854  0.0320 10.7123  0.4608  0.7720  0.0480
 51 1 500.38  1.7210  0.0527 10.3231  0.3452  0.7840  0.0180
 51 1 600.13  1.2819  0.0249 10.2566  0.2287  0.7720  0.0200
 52 1 500.38  1.6399  0.0597 10.0524  0.1009  0.7250  0.0120
 52 1 600.13  1.3294  0.0413 10.6718  0.0218  0.7640  0.0240
 54 1 500.38  1.6531  0.0571  9.9882  0.2549  0.8060  0.0140
 54 1 600.13  1.2873  0.0324 10.7932  0.2148  0.8270  0.0380
 58 1 500.38  1.5185  0.0719  9.2977  0.4538  0.8140  0.0320
 58 1 600.13  1.1673  0.0330 10.4655  0.4426  0.7950  0.0280
 59 1 500.38  1.6992  0.0494 10.8873  0.4008  0.8110  0.0260
 59 1 600.13  1.3331  0.0488 10.5415  0.3304  0.8290  0.0420
 60 1 500.38  1.6175  0.0457 10.2137  0.2708  0.8210  0.0600
 60 1 600.13  1.2854  0.0237 11.1373  0.4468  0.8010  0.0640
 61 1 500.38  1.7132  0.0443 11.0860  0.3250  0.8100  0.0120
 61 1 600.13  1.2843  0.0397 11.0333  0.1986  0.8180  0.0600
 63 1 500.38  1.7027  0.0480 10.4994  0.2116  0.7700  0.0380
 63 1 600.13  1.3370  0.0392 11.7272  0.2239  0.7720  0.0200
 65 1 500.38  1.5494  0.0452  9.8476  0.3181  0.6620  0.0260
 65 1 600.13  1.2686  0.0282 10.8968  0.1858  0.6330  0.0340
 67 0 500.38  1.7328  0.1520  4.8545  0.4318  0.2810  0.0240
 67 0 600.13  1.5022  0.0348  5.8206  0.1381  0.3190  0.0480
 68 0 500.38  1.6288  0.0902  6.2713  0.5052  0.3460  0.0300
 68 0 600.13  1.3522  0.0327  9.1305  0.4539  0.5050  0.0540
 69 0 500.38  1.4683  0.0721  5.3939  0.2044  0.2420  0.0320
 69 0 600.13  1.3218  0.0348  6.9763  0.3132  0.3020  0.0140
 70 1 500.38  1.6153  0.0420 10.0985  0.3048  0.7990  0.0460
 70 1 600.13  1.2594  0.0203  9.9304  0.2342  0.7810  0.0300
 71 1 500.38  1.7340  0.0490 10.0204  0.2282  0.7800  0.0200
 71 1 600.13  1.3440  0.0383 10.8379  0.1559  0.7800  0.0440
 72 1 500.38  1.7297  0.0694 10.0873  0.1497  0.7620  0.0320
 72 1 600.13  1.2621  0.0439 10.5762  0.3301  0.8040  0.0340
 73 1 500.38  1.6168  0.0468 10.7615  0.1863  0.7880  0.0240
 73 1 600.13  1.2152  0.0259 11.3213  0.1709  0.7670  0.0480
 75 1 500.38  1.6442  0.0508 11.1119  0.2496  0.7980  0.0400
 75 1 600.13  1.2876  0.0245 12.0821  0.4922  0.7640  0.0360
 76 1 500.38  1.6409  0.0369  9.9110  0.2954  0.7910  0.0240
 76 1 600.13  1.2700  0.0358 10.6247  0.1725  0.8040  0.0100
 77 1 500.38  1.6599  0.0699  9.2420  0.2649  0.7500  0.0120
 77 1 600.13  1.2426  0.0238  9.9823  0.2630  0.7580  0.0280
 78 1 500.38  1.7838  0.0534 10.3048  0.1225  0.8140  0.0160
 78 1 600.13  1.4170  0.0318 10.8965  0.1883  0.8050  0.0700
 79 1 500.38  1.7737  0.0192 10.0701  0.1753  0.7890  0.0160
 79 1 600.13  1.3744  0.0150 10.6229  0.2304  0.7910  0.0220
 80 1 500.38  1.7756  0.0325 10.2991  0.1421  0.7970  0.0460
 80 1 600.13  1.4126  0.0156 11.1818  0.2114  0.7650  0.0160
 81 1 500.38  1.7722  0.0451 10.3955  0.2427  0.7890  0.0100
 81 1 600.13  1.3667  0.0207 10.3339  0.1546  0.7640  0.0220
 82 1 500.38  1.7824  0.0536  9.9972  0.2134  0.8010  0.0380
 82 1 600.13  1.3835  0.0399 10.4571  0.2413  0.8230  0.0580
 83 1 500.38  1.8137  0.0405 10.1322  0.2300  0.8140  0.0300
 83 1 600.13  1.4310  0.0190 11.1912  0.1916  0.8630  0.0140
 84 1 500.38  1.7480  0.0347 10.1646  0.1171  0.7830  0.0180
 84 1 600.13  1.3312  0.0227 10.9864  0.2569  0.8020  0.0200
 85 1 500.38  1.6751  0.0711  9.9506  0.1244  0.7990  0.0280
 85 1 600.13  1.2990  0.0303 10.0794  0.1097  0.8440  0.0260
 86 0 500.38  1.6771  0.0453  9.5314  0.3166  0.8050  0.0200
 86 0 600.13  1.2680  0.0296  9.0705  0.3024  0.8230  0.0620
 87 1 500.38  1.4808  0.0557  9.0867  0.2992  0.7850  0.0260
 87 1 600.13  1.1660  0.0364 10.2860  0.2408  0.8190  0.0420
 88 0 500.38  1.3015  0.0517  6.6379  0.1127  0.6280  0.0120
 88 0 600.13  1.0692  0.0377  6.8507  0.1630  0.6110  0.0120
 90 1 500.38  1.6625  0.0296 10.3225  0.1927  0.7640  0.0200
 90 1 600.13  1.2361  0.0334 10.8794  0.2470  0.7710  0.0440
 91 1 500.38  1.6891  0.0925 10.0056  0.3500  0.7820  0.0320
 91 1 600.13  1.3702  0.0491 10.5678  0.6895  0.8280  0.0460
 92 1 500.38  1.6940  0.0605 10.4388  0.2867  0.7940  0.0100
 92 1 600.13  1.3163  0.0233 11.0943  0.1340  0.7970  0.0400
 93 0 500.38  1.6282  0.0590 10.4567  0.4528  0.8250  0.0420
 93 0 600.13  1.2597  0.0088 11.1698  0.2160  0.7730  0.0560
 94 1 500.38  1.6700  0.0586 11.1245  0.3424  0.7770  0.0120
 94 1 600.13  1.3099  0.0282 11.9628  0.5701  0.8010  0.0700
 95 1 500.38  1.7522  0.0813 10.5960  0.4443  0.8240  0.0520
 95 1 600.13  1.3403  0.0269 10.6808  0.4467  0.8020  0.0240
 96 1 500.38  1.7592  0.0797 10.6577  0.2946  0.9060  0.0840
 96 1 600.13  1.4105  0.0758 10.7808  0.1551  0.8270  0.0540
 97 1 500.38  1.7869  0.0858  9.9011  0.4072  0.7990  0.0760
 97 1 600.13  1.4485  0.0416 10.8555  0.3206  0.7170  0.0720
 99 1 500.38  1.7344  0.0359 10.0600  0.3577  0.7920  0.0140
 99 1 600.13  1.3336  0.0293 11.0245  0.2305  0.7790  0.0660
100 1 500.38  1.7589  0.0374 10.6894  0.2129  0.8100  0.0440
100 1 600.13  1.3657  0.0470 11.4183  0.1656  0.8340  0.0360
101 1 500.38  1.7352  0.0511 10.4724  0.2690  0.8260  0.0360
101 1 600.13  1.4088  0.0206 11.0233  0.2853  0.7930  0.0540
102 1 500.38  1.7496  0.0392 10.3489  0.3946  0.7680  0.0380
102 1 600.13  1.3497  0.0276 10.7639  0.3071  0.7760  0.0340
103 1 500.38  1.7459  0.0541 10.0689  0.2275  0.7870  0.0500
103 1 600.13  1.3600  0.0292 10.1233  0.3387  0.7920  0.0540
104 1 500.38  1.7742  0.0316 10.7865  0.1273  0.8150  0.0380
104 1 600.13  1.3718  0.0175 11.2434  0.3555  0.8070  0.0240
108 1 500.38  1.7220  0.0447 10.3952  0.3753  0.7530  0.0440
108 1 600.13  1.3429  0.0202 10.6958  0.1798  0.7940  0.0280
109 1 500.38  1.6799  0.0458 11.0072  0.3012  0.7690  0.0180
109 1 600.13  1.3036  0.0495 11.2639  0.2275  0.7950  0.0400
110 1 500.38  1.6847  0.0353 11.0311  0.3128  0.7840  0.0380
110 1 600.13  1.2776  0.0328 11.7285  0.3236  0.7850  0.0360
111 0 500.38  1.6334  0.0430 10.7724  0.4323  0.8280  0.0180
111 0 600.13  1.2929  0.0191 11.4698  0.1236  0.8000  0.0280
112 0 500.38  1.6856  0.0617 11.6089  0.2960  0.7960  0.0340
112 0 600.13  1.2850  0.0355 11.8548  0.2993  0.8320  0.0500
114 1 500.38  1.7383  0.0641 10.3161  0.3916  0.8370  0.0360
114 1 600.13  1.3425  0.0647 11.0486  0.2446  0.7820  0.0280
115 1 500.38  1.6491  0.0835  9.8015  0.4372  0.7690  0.0300
115 1 600.13  1.3032  0.0560 10.1347  0.3801  0.8170  0.0200
116 1 500.38  1.7789  0.0541 10.5426  0.4725  0.7860  0.0240
116 1 600.13  1.3523  0.0387 11.0406  0.5885  0.8260  0.0820
117 1 500.38  1.5449  0.0375  9.2430  0.1774  0.6830  0.0300
117 1 600.13  1.2719  0.0304 10.3174  0.1081  0.6940  0.0180
118 1 500.38  1.5906  0.0373  9.9575  0.2812  0.7590  0.0280
118 1 600.13  1.2184  0.0372 10.8157  0.4019  0.7830  0.0400
119 1 500.38  1.5540  0.0198  8.8761  0.2477  0.6730  0.0140
119 1 600.13  1.2066  0.0166  9.3781  0.3140  0.7240  0.0380
120 0 500.38  1.5551  0.0489  8.4869  0.2446  0.5960  0.0180
120 0 600.13  1.2609  0.0334  8.4256  0.1982  0.6640  0.0640
121 0 500.38  1.2510  0.0593  5.9772  0.1382  0.2520  0.0060
121 0 600.13  1.0722  0.0219  6.5327  0.1756  0.2870  0.0200
122 0 500.38  1.4783  0.0392  7.9178  0.1550  0.5190  0.0160
122 0 600.13  1.2469  0.0094  8.4136  0.2064  0.4820  0.0320
123 0 500.38  1.6294  0.0410  8.6361  0.2458  0.7230  0.0140
123 0 600.13  1.3065  0.0321  9.1760  0.1544  0.6990  0.0700
124 1 500.38  1.6431  0.0403 10.4056  0.3415  0.7900  0.0340
124 1 600.13  1.3067  0.0313 11.2099  0.4371  0.7630  0.0680
127 1 500.38  1.5121  0.0200  9.7069  0.1898  0.7510  0.0360
127 1 600.13  1.1948  0.0170 10.2820  0.2820  0.7510  0.0700
129 1 500.38  1.5750  0.0473  9.7587  0.3963  0.7040  0.0660
129 1 600.13  1.2430  0.0683 11.2851  0.5642  0.7170  0.0740
131 1 500.38  1.6378  0.0831 10.1075  0.1943  0.6820  0.0660
131 1 600.13  1.3044  0.0318 11.5256  0.7872  0.7790  0.0780
133 0 500.38  1.6063  0.0849 11.3842  0.2748  0.7510  0.0320
133 0 600.13  1.2475  0.0299 12.5344  0.3114  0.7890  0.0420
134 1 500.38  1.5448  0.0461 10.0658  0.1929  0.7330  0.0160
134 1 600.13  1.2177  0.0316 11.1632  0.2218  0.7400  0.0300
135 1 500.38  1.6162  0.0382 10.0547  0.3052  0.7920  0.0280
135 1 600.13  1.2341  0.0308 10.0016  0.0802  0.7490  0.0300
136 0 500.38  1.6697  0.0289 11.2417  0.2714  0.7700  0.0200
136 0 600.13  1.3184  0.0276 11.5691  0.1765  0.7910  0.0620
137 1 500.38  1.7071  0.0446  9.4136  0.3422  0.7410  0.0080
137 1 600.13  1.3267  0.0370 10.4874  0.1395  0.7670  0.0280
138 1 500.38  1.7363  0.0338  9.9796  0.2871  0.7820  0.0300
138 1 600.13  1.3716  0.0123 10.8703  0.3711  0.8130  0.0460
139 1 500.38  1.6054  0.0465  9.9795  0.2458  0.8070  0.0160
139 1 600.13  1.2652  0.0259 10.1509  0.4837  0.7990  0.0340
140 1 500.38  1.6426  0.0612  9.5965  0.4204  0.8030  0.0220
140 1 600.13  1.3521  0.0376 10.2386  0.5176  0.7920  0.0380
141 1 500.38  1.6975  0.0641  9.8026  0.3445  0.8420  0.0500
141 1 600.13  1.3033  0.0215 10.5874  0.2655  0.7940  0.0420
142 1 500.38  1.6438  0.0346  9.3944  0.1980  0.7520  0.0380
142 1 600.13  1.3063  0.0246  9.7748  0.1242  0.7450  0.0260
144 1 500.38  1.6193  0.0577 10.4995  0.3368  0.8100  0.0640
144 1 600.13  1.2793  0.0415 11.0942  0.4134  0.8000  0.0360
146 1 500.38  1.6233  0.0707  9.7975  0.3934  0.7990  0.0180
146 1 600.13  1.2738  0.0285 10.5668  0.4061  0.8550  0.0640
147 1 500.38  1.5284  0.0599  9.8586  0.1056  0.7370  0.0380
147 1 600.13  1.1707  0.0255  9.9446  0.3484  0.7310  0.0200
148 1 500.38  1.6332  0.0360 11.2642  0.2357  0.8060  0.0240
148 1 600.13  1.2882  0.0491 11.7590  0.5575  0.7830  0.0280
149 1 500.38  1.7088  0.0608 10.8547  0.2638  0.7870  0.0200
149 1 600.13  1.3027  0.0336 11.8029  0.5056  0.8150  0.0620
150 1 500.38  1.6821  0.0369  9.6443  0.2378  0.8050  0.0260
150 1 600.13  1.2811  0.0367 10.1684  0.1651  0.8020  0.0360
151 1 500.38  1.8232  0.0643 10.6300  0.2338  0.8150  0.0160
151 1 600.13  1.4405  0.0408 11.6191  0.2787  0.8000  0.0420
152 1 500.38  1.6912  0.0770 10.3398  0.4586  0.7860  0.0200
152 1 600.13  1.3633  0.0440 10.8108  0.1020  0.8110  0.0420
153 1 500.38  1.6388  0.0629 10.1650  0.4705  0.7820  0.0360
153 1 600.13  1.3558  0.0598 10.8424  0.8084  0.8250  0.0780
154 1 500.38  1.6820  0.0618 10.1745  0.2999  0.7940  0.0220
154 1 600.13  1.3133  0.0561 11.4868  0.3541  0.8170  0.0320
155 1 500.38  1.6353  0.0712 10.5243  0.5204  0.7960  0.0260
155 1 600.13  1.2558  0.0221 11.1387  0.1889  0.8300  0.0100
156 1 500.38  1.6685  0.0501 10.8509  0.3163  0.7920  0.0180
156 1 600.13  1.2932  0.0225 10.9968  0.2094  0.8220  0.0440
157 1 500.38  1.6067  0.0640 10.6389  0.1005  0.8130  0.0140
157 1 600.13  1.2385  0.0289 11.3167  0.6515  0.7930  0.0740
158 1 500.38  1.6614  0.0485 11.0811  0.3351  0.7990  0.0220
158 1 600.13  1.3008  0.0354 11.0344  0.7266  0.8010  0.0600
159 0 500.38  1.7380  0.0791  9.8872  0.2531  0.6960  0.0240
159 0 600.13  1.3532  0.0254  8.5179  0.3381  0.6620  0.0420
